nroots= 3
i = 0    -6.91575e-01
i = 1     2.33701e-01
i = 2     1.77583e+00
