=======================================
State 0
kmax =  14
e0(1)= 0.2004808959960938
e= 0.21676094417656988    (1-approximation)
k= 1   s= -0.004500358344230809
k= 2   s= -0.006688825860448711
k= 3   s= -0.006690133200429368
k= 4   s= -0.007687705183441375
k= 5   s= -0.008791550330884907
k= 6   s= -0.009063823093435936
k= 7   s= -0.009085225116504886
k= 8   s= -0.009404571893642735
k= 9   s= -0.009729642770751477
k= 10   s= -0.00979269384940016
k= 11   s= -0.009814425800433324
k= 12   s= -0.009963430265648481
k= 13   s= -0.010092497764022854
k= 14   s= -0.01010933462794701
e= 0.20665160954862288    (2-approximation)
c[0] =  1.27647616e-01
c[1] = -7.27405096e-02
c[2] = -1.43652192e-03
c[3] =  3.18316674e-02
c[4] = -2.80194719e-02
c[5] =  1.19630617e-02
c[6] =  2.93960054e-03
c[7] = -1.01036292e-02
c[8] =  9.18053706e-03
c[9] = -3.67735188e-03
c[10] = -1.97968742e-03
c[11] =  4.78624359e-03
c[12] = -4.13717102e-03
c[13] =  1.39485434e-03
E_perturbation = 0.206652, <p_x> = 0.000000e+00, <p_x^2> = 2.001141e-01
E_target = 0.210341, <p_x> = 0.000000e+00, <p_x^2> = 1.812072e-01
=======================================
=======================================
State 2
kmax =  14
e0(1)= 0.6140874633789066
e= 0.6714745262025408    (1-approximation)
k= 0   s= 0.0021884675162179017
k= 1   s= 0.034018348403415374
k= 3   s= 0.03401829857367642
k= 4   s= 0.028250387107357666
k= 5   s= 0.02267404650081549
k= 6   s= 0.02128137847730227
k= 7   s= 0.02123476823862903
k= 8   s= 0.02003932329252622
k= 9   s= 0.01871014739767252
k= 10   s= 0.01839102368119275
k= 11   s= 0.01834665340014979
k= 12   s= 0.017838074839554668
k= 13   s= 0.017319888431067052
k= 14   s= 0.017217745468256978
e= 0.6886922716707977    (2-approximation)
c[0] =  7.27405096e-02
c[1] = -4.81295449e-01
c[2] =  4.76006743e-04
c[3] =  1.00513262e-01
c[4] = -7.49601803e-02
c[5] =  3.05840707e-02
c[6] =  4.75311522e-03
c[7] = -2.09847969e-02
c[8] =  1.96472715e-02
c[9] = -8.66642159e-03
c[10] = -2.94053474e-03
c[11] =  9.13778178e-03
c[12] = -8.52683171e-03
c[13] =  3.52076704e-03
E_perturbation = 0.688692, <p_x> = 0.000000e+00, <p_x^2> = 6.323043e-01
E_target = 0.676564, <p_x> = 0.000000e+00, <p_x^2> = 6.751142e-01
=======================================
