State 0
kmax =  11
e0(1) =  0.02642919921875002
e =  0.3719908041120235   (1-approximation)
k =  1  s =  -3.546785896711328e-14
k =  2  s =  -0.012860815109642064
k =  3  s =  -0.01286081510981086
k =  4  s =  -0.01286081510986983
k =  5  s =  -0.025191454299853946
k =  6  s =  -0.025191454299854834
k =  7  s =  -0.03018338913184664
k =  8  s =  -0.030183389131850178
k =  9  s =  -0.03177543923923762
k =  10  s =  -0.0317754392392409
k =  11  s =  -0.032087871459281776
e =  0.33990293265274174   (2-approximation)
c[0] =  2.74325486e-07
c[1] =  1.27661123e-01
c[2] = -4.38266274e-07
c[3] =  1.71108340e-07
c[4] =  6.78570711e-02
c[5] = -1.63946750e-08
c[6] = -3.46830762e-02
c[7] =  2.66809077e-08
c[8] =  1.63529941e-02
c[9] = -2.17519396e-08
c[10] = -6.22060185e-03
E_perturbation = 0.339903, <p_x> = 0.000000e+00, <p_x^2> = 4.420559e-01
E_target = 0.302288, <p_x> = 0.000000e+00, <p_x^2> = 3.434077e-01
-----------------------------------------------------
-----------------------------------------------------
State 2
kmax =  11
e0(1) =  0.8155639648437506
e =  0.8450739082702535   (1-approximation)
k =  0  s =  0.012860815109606596
k =  1  s =  0.012860815109628453
k =  3  s =  0.012860815109407921
k =  4  s =  0.012860815109389715
k =  5  s =  0.011316012393792629
k =  6  s =  0.011316012393790565
k =  7  s =  0.01075306784158517
k =  8  s =  0.010753067841582727
k =  9  s =  0.010574304144826133
k =  10  s =  0.010574304144824201
k =  11  s =  0.010534361777482728
e =  0.8556082700477362   (2-approximation)
c[0] = -1.27661123e-01
c[1] =  2.62243878e-07
c[2] =  1.56834736e-06
c[3] = -1.21909466e-07
c[4] = -2.85987337e-02
c[5] =  2.86138473e-08
c[6] =  1.29424399e-02
c[7] = -2.41689750e-08
c[8] = -5.88351766e-03
c[9] =  1.77216054e-08
c[10] =  2.34155783e-03
E_perturbation = 0.855608, <p_x> = 0.000000e+00, <p_x^2> = 2.374319e+00
E_target = 0.848595, <p_x> = 0.000000e+00, <p_x^2> = 2.649263e+00
-----------------------------------------------------
